240000001000011000000210100001001100000000000000
240000001100011000010210100001001000000000000000
320000003100010100000110000002100110010000000000
320000002200010100000200000003100000000000000000
310001002100020200000200000003100000010000000000
200000003100010300001203001022010010110010000000
000000003100110400102104001131020000200000000000
000010002000200010013014000131040002310200011000
010010002000200022003014000252040004520300024100
000001004000210031014103000354050003540400025400
000011003000320041004102000354040003550400035401
010032004000330030015303000354040004550300035400
100032004100440020035404001454040015550300155400
110034004101450010235514003454040025550300255400
100044003012551200135525002454130115551100045400
200245003013553400045544000455430003553000025410
100445111014553400145544000555320004552000004300
011354230024553400255524000555100003540000004000
010154120023552400345504001554000004520000003000
010144120024540400245404001552000003400000001000
010143120014551400145303010452000001300000001000
010041120002541400035403010253000000300000000000
010041120002531400025403000152000000200000000000
130003200000143000002430110003101000000000000000
130001200000032000010310110002001100000000000000
130001100000022010000220100001001000000000000000
130001000001021010000220100001001000000000000000
120000000000021000000220110000001100000000100000
020000000001021000000210100000001100000000100000
020000000001021000000210100000001100000000000000
030000000001021000000200110001001000000000000000
130000000000021000000310110001001000000000000000
130001000000021000000210110001001000000000000000
130002000000031000000310100001001100000000000000
130002000000131000001310100002001000000000100000
020014100000241000002310100001000000000000100000
020015100001352000004520100023001100000000100000
010125200001352000004520100023001000000000110001
010035300001454000004530100024101000020000100000
010145410000454000005540000034201000020000110000
010145410002554000015540000044201000210000101001
000155510003554000035530100255101000410000112000
001255420012554001145520000455101101410000113001
002255420023554001145530000455100100400001213011
000356520004554201135550100245300000320002222212
001455430014554201045530000244100100300002222112
001555240024541400155511000554000001400000112000
002552140045520400355200002440000002000000110000
003551240145410300455000002530000003000001110010
003541330045402301354000001410000102000001210010
001550340025411301255000000310000100000001211110
001340240004511301055000000210000000000001211010
001440330014502201043000000100000000000001211110
001220340113102101020000010000000100000002221110
012200320112000001000000000000000211111013333332
012200230012000000000000000000000210000013333322
001201220011000000000000000000002221110013333332
001201020001000000000000000000002322120013333333
000200120002000000000000000000002222110013333333
001200010011000000000000000000002322221023333333
003301010021000000000000000000002322221013333333
004400120021000000000000010000002222110023333333
014500010032000000100000000000002322221023333333
004510010033000000100000010000002332221023333333
015510010043000000200000010000002332221123333333
025500010143000000300000010000002332221123333333
035510120254000000300000001000002322210023333333
055500020454000002300000011000002332221023333333
145510011555000001400000112000002332221023333333
056540020455300001430000013100002322221023333333
046752110255500001442000012300002322221023333333
036754110366510001452000012300002322221023333333
047752010466400001431000113100002322221023333333
267630011555100002410000114000002323221023333333
366400013553000003200000121000002333221133333333
255500011553000002300000121000002333221133333333
045520010354000000400000112000002333221123333333
025540010144200000220000111000002333221123333333
015540010045200000020000110000002333221123333333
015540010034100000020000010000002333221123333333
015520020034000000000000010000002332221023333333
015510010033000000100000010000002332221023333333
004510120023000000000000010000002322221023333333
002520020012000000000000010000002332221023333333
000310120002000000000000010000002322220023333333
000210110001000000000000010000002332221023333333
001210120002000000000000010000002322210023333333
000200120001000000000000010000002322210023333333
000200020001000000000000010000002332221023333333
001200010001000000000000010000002332211023333333
001200120001000000000000000000002322210023333333
000200120001000000000000010000002322110013333333
000210220002000000000000000000002221110013333332
000200220002000000000000000000002221110013333322
011410220012000000000000000000001211110013333322
014511220024000000000000000000001211110013333322
004510230044000000100000000000001221110013333332
002540430135300001030000010000001211000013333332
002550240025501101033000010100000100000003322222
002551240025511101144000010100000100000003332221
002553240025531101155100000210000100000003322221
002553340025531201255200000430000102000002221110
004553340055522201455100002530000103000002221110
014552330255522302555000014540000123000001211110
024553330245522303554000025540000033000001310000
034653330345532303555100025540000033100001321010
015764330257532202455300014551000114100001221010
005665430146552301455400014551000014100002231000
004554430145533301555200003540000013000002211010
024541430255503202554000002300000111000003222210
013541440245502201553000002200000110000003322210
003541430155403200553000001300000100000003221110
002541430135503201254000000400000000000002221110
000451430125503201154000010200000000000002221110
000252240003530401035300000030000000000001110010
000043140011540400114301010021000000000000000000
200021040001320400113202001021000000000000000000
000030240002300400023001000120000000000000000000
000010220001302400022002000120000000000000000000
000010220101202400023003000130000000000000000000
010010220001202400013002000020000000000000000000
010010230000301400012102000020000000000000000000
010010230000301400013102000020000000000000000000
010010230001301400013003000020000000000000000000
010010230001301400023003000130000000100000000000
010030120002302400023003010230000000100000000000
000130220013402400144102000450000000200000000000
000420310025404400255122011550000002200000000000
001530310025413401255111011551000002300000000000
001441330025522400255301001551000002200000000000
003552330035521400455201012551000003200000020000
012553230135541400455301004552000024400000021000
022554230135551400455501004554000025520000012000
013555430035544400355522002555100015540000005000
013654430025554400245542000555300004551000004200
013654430035554400245542000455300004551000004100
013554330035553400255423002555000114540000005000
012553130035541400455502003553000024410000012000
002553330135522400455101014550000003100000020000
013520430245302101452000002200000001000001111120
015513410355110101440000002000000000000002222221
025304411354011102520000002000000000000002222100
045134230551101304300000000000000000000003222112
034034320540111403200000010000000000000002222101
024034210430112402100000000000000000000002221001
013043220320322402100001000000000000000001110001
021142250310332403000013010000000000000000000000
010130260312432513111234010000000000000000000000
000131250211432403102225020000010000000000000000
010230160202421513010134020000000000000000000000
010413451205433422031252100000000000000000000010
010413351205432422031143100000000000000000000000
010422251204432422021143110000000000000000000000
010432251303432422021143110000000000000000000000
110422352204433433021143110000000000000000000000
120422353404433443020142310000000000000000000000
220423254404433443020132300000001000000000000010
301421434003334140000030200000000000000000000010
105423442032242120000001000000000000000001200030
014424452033251310000001000000000000000001200120
104423444032241230000001100000000000000001200020
315423455232242241000001400000001000000101200030
414423456442243253000001510000002000000011100030
444422447542243274000001730000004000000031100030
474423457642152275000001750000007200000161200130
475322447641143277200001771000007610000043200030
476323457762142277610001777100007761000165200030
477743445777332267772001777730007776200067630030
477774246677742177777401777773005677730027764020
258887414588863158888730577887304777873027677730
588762007258840052888400778855008888640067882101
000000000000232040000120500000006002100040021121
001003400010000013300000110002001002123111011100
100121111000000221100000200210002001010013211111
030233320200122223100000542021011110211011101121
001213660323225702200244113100011342001001200100
011000130210000011101010220023012320003023431001
000001003310000013420000301332201011143342012023
444455335443344354445434455544453455555423555555
255543326444543355554443544565444455444434555554
131000003454312120134543211001244201211001432001
012111103333110045544322544455434442234544323322
210000005431010045543322423454333343345434334445
331121005543231124554323443454333344444344356654
222201005433200055532220655543225654543244664443
224104734323201055422200655432215755433345655543
020002631210002244210000434311004435322024424432
023016542334104643322101644322205644422346645443
014005662234202553332100754322305654432246754543
100110120221100053231000332241004122144244121035
000001100000002200222322213323441353324434454322
000000200000022000031010001231123301422440023221
000000050000013200003312000310021144443373104655
320000010000000100000102000200021031241362002333
430000010000000300101112442043346234443444345566
520000101023301114422144433432240444323231445232
354664555555544545544535545544347455443363445333
520001105012421113443233334445452444434531454443
325222111052342254344533445545444555465464455555
302611002023222234233532623545544444556465445555
523401004353222273333432625545446345544376244443
576312007732111272333432545555537445555576245445
565401006542000273122112534444422444456451455434
542200105130100074210111233323224555452344543544
423000004210010072000000332002004542212244546223
