000000001112100121121001100000012110000001100000
000000001012000121121002100000011110000001100000
000000001012100121121001100000012110000011100000
000000001012000121121001000000012110000011100000
000000001012000121121001100000012110000001100000
000000001012000121121000100000002110000011100000
000000001012000021120000100000002110000011100000
000000001012100021120000100000002110000011100000
000000001112000021120000100000001010000001100000
000000001112000021120000100000001010000011100000
000000001122000021120000100000002110000011100000
000000001012100021120000100000002110000011100000
000000001122100021120000100000002010000011100000
000000001112000021120000100000002010000001100000
000000001112100021120000100000002110000011100000
000000001112100021120000100000002110000011100000
000000001122100021120000100000002110000011100000
000000001122100021020000100000002110000011100000
000000001122100021020000100000002110000011100000
000000001113000021020000100000002110000011100000
000000001123100021020000100000002110000011100000
000000001122000021020000100000002110000011100000
000000001112000021121000100000002110000011100000
000000001122000021020000100000002110000011100000
000000001123000021120000100000002110000011100000
000000001023000021120000100000002100000011100000
000000001112000011120000100000002110000001000000
000000000220000011100000000000001000000001000000
000000003200000011000000000000000000000000000000
000000003200000031000000000000000000000000000000
000000003200000031000000000000000000000000000000
000000003200000031000000000000000000000000000000
000000003200000031000000000000000000000000000000
000000003200000031000000000000000000000000000000
000000003200000031000000000000000000000000000000
000000003200000021000000000000000000000000000000
000000003200000031000000000000000000000000000000
000000003200000031000000000000000000000000000000
000000003200001031000000000000000000000000000000
000000003200001031000000000000000000000000000000
000000003200010031000000000000000000000000000000
000000003200010031000000000000000000000000000000
000000003200010031000000000000000000000000000000
000000003200010031000100000000000000000000000000
000000003200010031000100000000000000000000000000
000000003200010031000200000001000000000000000000
000000003200010031000200000001000000000000000000
000000003200010031000200000001000000000000000000
000000003200110031001200000001000000000000000000
000000003200110031001200000001000000000000000000
000000003200110031001200000001000000000000000000
000000003200210031001200000011000000000000000000
000000003200220031002200000011000000000000000000
000101002200220031002200000011000000000000000000
000101002200220031002200000021000000000000000000
000101002200220021002200000021000000000000000000
000100003201220032002100000021000000000000000010
000100002202220031002200000022000000001000000000
000210003202320021002100000021000000000000000000
000210003202320031012100000021000000010000000000
000210003203410022013100000131000000010000000100
000220003203410031013100000141000000010000000100
000220002203410031024100000241000000000000000000
000220002204510031035000000242000000100000000000
000230002204510032045000000342000000101000000010
001230002204410031045000000352000000101000000000
001230002204510032045000000452000000000000000100
001230002214410032144000000442000001110000000000
004340002145410032454000004540000014500000012000
014450002145510032454000005541000024400000022000
014450002145410032454000005541000024600000023000
035451002245510032454000005542000014600000025000
045451002235410033454100005541000023600000034000
055451002235410033454100005541000024500000033000
055561002345420033454100005441000025300000042000
055561002345510033454100015451000025300000051000
055562002335410033454000015450000026100000040000
055561002335420033454000014450000043200000220000
055562002335410033444100004550000254200001340000
055561002345510033454100004550000043200000220000
055561002335510033454100015441000013300000120000
055562002334510033354100005543000015240000040200
045562002335520033355200005553300015205000040010
025563002335520033354230005554230014301400042000
026464002335420033455340005554150014301400053000
036563001335520033455340005554330014301400043001
046564002335520033455420005554510014313300044001
046564002335520033455410005555300014324000054010
046564002335520033454300005545000024240000053000
036563001335410033354300014552000012400000030000
046564002434420033355100015472000032300000131000
046674002434420033566100053662000547300002271000
057774002535530024566100446761005146400000370000
057773002436620035675200337671000146400000360000
067663001556630035665200247671000156400000360000
067764001546530035665200337662000147400000271000
067775001546530025666100445762005157510000370000
037775002447620024557300027264000152510001131000
026776001547730035566530046474100133411000122000
025776101547732035677460047747620156521100054021
025776101547731025677354037775650157623400046021
047776001447731225577364037777420157640100046000
057765001457732525577473057777300267640000064000
167775102457734625677562077777300367640000272000
267775102467645625777465177777320477750000272000
266776203367746525777534277775000577721000274140
357775104377654025751214177200030540000100140001
467765005275771033234500200007000000050010000000
467665007258820020255200004763000057720020551000
466665105478540013676100477671005777600003730000
356664006786530056564100777640005777400004610000
377663007764510066664000777740005676200006410000
377663006666500066664000776730005776100006400000
366663007874500066664000777740005777100006410000
366663004687300046664000777650004677400002610000
477663004258820000455300104773001067610020540000
477763006365582044111410210005100400040000000000
477774204577563334761001176100010577200100152002
467775454477754325677400177750100477763000147540
477775233367653425577661067777420377775200147600
003677761235677533266776000677770004777700002475
004677761144777433357774001777760006777700002562
004677751154776122457720004776000027710000013231
156676431263100000400000121000001100000002210000
565557424100067200000472000005720000046100000540
553765512005783000466830037767300377772000563100
356665401068823015657320177664101577730002642000
456665206587350045674400577653003677400005520000
465664008885530067664100775731005777100027310000
377762008757500066644000767440006774000045100000
477751006666300076652000767310006771000065000000
477740006575200067641000766400007771000064000000
477630005675100066640000765400007770000064000000
477520005574000066650000766400007760000064000000
476520005665000067540000767200007760000064000000
477520006645000075630000767300006762000055000000
466620007773000056640000776500006664000047200000
576630004667100057672000777730005766100017400000
578740003566600056767000777771005677400004720000
234874000015650000376500004775000047620022740000
310016550000025600000354100003520000026000000461
475000044200000010000000333000002430000000000000
177773020547400004440000037334000167750000047200
047777441345774132557740006776110047777500016521
005777730142677233237774001677770005777700002641
000567770104277633122777110177770000577700000363
000377770102447733105477010047770000267700000074
000167770100527733104377100027770000057700000065
000057770100427733102477000007770000047700000055
000057770100436733101567000006770000036700000045
000056770100326733101577110006770000057700000046
000056770200437733103577110027770000167700000064
000066770100447733105577010047770000377700000373
000167770100647723206677110067770000577700000472
000167770102357723215777110177760000677600000561
000267770103367523234776110377620002676600000751
000467770106377423255766010476200003764000002730
000677760114577423246665010663100006630000004300
002677750132775223446664113543120024200100011000
005677730144755022556660104352500031223000010000
016777610336652024567620023545100121460000102000
036777400446550004576400132574003127730031351000
057776301366530025765100545770004377600011720000
167776002366610047664000556650001677300003620000
367773003366600056664000377640002677300003610000
367762003466500066663000367640001677300002610000
267761004666300045663000377650001677500000720000
366661005567600035757100377772001677510000550000
356763003026750000676500017775000277620010372000
355576203000464000003630100047200000540000014000
167543452430000511000004053000070520000500000014
067776450567500016550000067542000477710000156000
046777310557642315577541047777420377775100136610
036767500457760024577734037777670177776300125740
026777511267772023677752017777770057777500024761
006777620156774032657763004777770037777600024671
005777741255776123467774003777770027777600013662
005577741254677033457773003777770016777600002660
003677741264777133457774003777770017777600002740
005577731164776132657764005777770036777500004610
006677741256776224577765037777760267777300047420
015777651447776614577757057777750477777200277420
034777650647775616677758177777761677777600476433
054777651457775726777665377777712777774002576414
247776565377745655777300577772005777500002560100
447775565576625357751100776100007720000023000000
267665404774544154101351300000700000004000000042
477652006538700020056000001560000007400000041000
466520003388000001570000366710007777100067410000
466500007682000056840000777500007774000066300000
466400008851000077700000777200007772000064200000
466300008862000077700000777300007773000064200000
576300008881000067830000777500007774000066200000
577300007784000077760000777700007776000067300000
577500006678000077671000777720007777100067300000
578830005468400077784000777740007777200067410000
224881000256820067768100777781008777700067641000
010487400025684001677840038886300488853004765100
000047760000377500004867000248770003477300023354
430000032000000000000000000000006100000000000000
255772025347200014520000172011000577720000277000
323677531515777113567730027774120056777700017635
142377751353777512557775003777770014777700003631
044257761244677712166777100777770002677701000662
046347771237577712066777100677771001577701000662
014657771217577711057777000577770001577601000661
003567771226677711277777002777771003677600004630
004677771246777700477787005777771014777600006621
005477660146787210577730007777881025777700026611
036574000166500001750010027546400036773000058500
363000004400000020000000124100001150000000300000
100002670000005500000075200001830000015300000134
110377600006665100377650003777300047640010560000
233888000156570004777600057774001576510024720000
346871001146710005777100277760003775200027500000
467730004366600067765000677740005764100017400000
467740005267500037775000577750004664100005610000
467870004165700004577000156760002664100023620000
466883003145620001777200027771000274100033740000
335676000047650001577400006772001255200044630000
113557400017682000377710003776000126410003450000
000146720000376400015754000077510001432000101000
420000163000000400000005520000051000000600000014
123750013335000065500000545772001036700000036000
011477730323776105567710144577770012575300003612
002047770242477710757777025367771001356501000640
000216770223277710344777000167771100037601000173
000034770320557701104677000037771100026701000056
000063770330457711103777000027771100016701000057
000163770230557711103677000027771000026701000067
000165770330657711006777000067771100036601000275
000246770222577311037778000477771100276601002761
000540000105534401277884002778830002777300038730
361010003015400011471000136600000042000000340000
300000000200000042000000510000003000000030000122
000004670000066600001885000028830010265200244011
112556600047666100776751007777401176640033750000
436686003567650047767500577773002666400007600000
588851006666500077764000777740005664100047100000
588550006665300077672000777700006652000064000000
577530006675100076751000777400007631000064000000
576620007775000077760000777400006630000064000000
576510007674000077750000777600004531000035000000
577610006667000077671000777710002641000026300000
577850004665500027775000377740002562000002620000
245667002027560000377600003774000146400000374000
154335715200017140000141360001500300010000002500
436763323377200016730000067660001156600000037201
144777230537773113677740127777422025663300007722
032577500234775211567776104777771002564201005720
004177720242777311267776000677772100274201003730
001447760225377611136776100277772100065101001660
001437760234377511117777000067771100046101000760
001326770233367711107777000047771100036101000561
001336770233467711106777000047771100037201100471
001336770233477711106777000067771100046211000551
001437770234477611126777000177771100047301000463
001437770234577511126777000167771100037411000366
001437770233477711117777000067771000027401000376
001437770233477711117777000057771000027601000277
001347770233567711106777000047771100015701000067
001246770232557711106677000037771100015711100057
000023570231547711103677000017772100003701000026
000005660231046611100567000003772100001601000005
000001650231004411100035000000472100000301000002
000000570231003711100016000000062100000101000000
000000370231002511100015000000052100000001000000
000000460231003510100015000000051100000001000000
000000470230003611100025000000051100000001000000
000000570221003611100025000000051100000001000000
000000470230003611100025100000051000000001000000
000000470231003611100025000000051000000001000000
000000470231003611100025000000041100000001000000
000000460231003511100025100000031100000001000000
000000470231003511100026000000031000000001000000
000000470231003511100026000000031100000001000000
000000470331003511100026000000041100000000000000
000000470231003511100026000000041000000001000000
000000370231003511100025000000031100000001000000
000000370330003511100015000000031100000001000000
001000370231003511100015000000031100000011000000
001000470231003511000015000000041100000001000000
001000470231003611000026000000041000000001000000
001000460331003610000025000000041100000011000000
001000470331003511000026000000041100000011000000
001000470331003511000015000000031100000010000000
001000370331003511000015000000031100000010000000
000000370230003511100015000000021100000001000000
000000370231003511100015000000021100000001000000
000000360231003511100015000000021100000001000000
000000370231003511100014000000021000000001000000
000000150000001300000002000000010000000000000000
000000150000001300000002000000010000000000000000
000000250000000300000002000000020000000000000000
000000160000001300000002000000020000000000000000
000000150000001300000002000000010000000000000000
000000160000001300000002000000010000000000000000
000000150000001300000002000000010000000000000000
000000160000001300000002000000010000000000000000
000000160000001300000002000000020000000000000000
000000250000001300000002000000020000000000000000
000000160000001400000002000000030000000000000000
000000260000001400000003000000030000000000000000
000000260000001400000003000000030000000000000000
000000260000001400000003000000040000000000000000
000000260000001400000004000000050000000000000000
000000150000001400000005000000070000000000000000
000000260000001500000016000000160000000000000000
000000150000001600000025000000250000000000000000
000000150000001600000015000000150000000000000000
000000150000002500000025000000150000000000000000
000000250000001400000045000000030000000200000000
000000260000001500000225000001450000004100000021
000000260000000600000126000002350000006100000030
000000260000000600000326000002460000006100000031
000000260000001600000337000002470000016100000040
000000360000000600000436000004470000034100000130
000000260000000500000435000004470000042100000330
000000160000000500000335000004370000051100000420
000000250000001400000345000003270000033000000120
000000140000000300000135000001460000016000000030
000000140000000300000134000000550000006100000020
000000030000000300000033000000430000004100000000
000000020000000200000013000000340000002100000000
000000010000000200000013000000040000000200000000
000000010000000200000004000000020000000000000000
000000010000000300000003000000030000000000000000
000000010000000400000015000000040000000000000000
000000010000001400000025000000240000000000000000
000000020000002400000044000000340000000100000000
000000120000003500000326000000530000003200000000
000000340000003500002357000024450000120300000000
000000340000014600022367000333550002100300000000
000000450000014600032266000603550014000300000000
000000350000014500032357000612450005000200000000
000000350000004600013357000243550002100300000000
000000350000005700001267000025350000110400000000
000000460000024700000234000001430000002300000000
000000360000005500000155000001650000000200000001
000000360000005500000057000001670000000300000001
000000260000005600000056000001660000000300000001
000000460000005500000055000001670000000300000001
000000560000024700000144000001460000000500000000
000000560000005700000457000004630000012300000001
000000660000005700003367000055460000210400000001
000000560000005700014367000353660002100300000001
000000450000105700051367001502660021000300000001
000000560001105700131467005302560020000300000000
000000460000105700051367002402560020000300000001
000000460000004700014367000252560002000300000000
000000460000004700000346000015360000020300000001
000000460000004700000145000001430000002200000000
000000350000003600000045000000540000000100000000
000000450000004600000036000000560000000200000000
000000450000003600000015000000460000000200000000
000000460000003600000025000000560000000200000000
000000460000003500000016000000460000000200000000
000000460000003600000045000000440000000300000000
000000450000004600000146000000340000000400000000
000000460000003700000357000003450000032300000100
000000560000004700003257000034450000320300001000
000000460000004600013267000252450002200400000000
000000450000004700032367001502450011000300000000
000000460001005700313367004002450110001400000000
000000460001005701313367040002460100001300000000
000000460012005703213377210002450000001200000001
000000460022005722113366100002450000001300000000
000000460332005710014377000002550000001300000000
000000461232005600004377000002550000001300000000
010000560033105700003477000002550000001200000000
002100450003305700001467000001450000001300000000
000300460000415700000567000001450000001300000000
000030460000235700000467000001450000001300000000
000022460000045700000367000001460000000300000001
000013360000044700000367000000360000000400000001
000003460000044700000367000000460000000300000001
000003560000045700000367000001460000000400000001
000011560000045700000467000001450000000300000001
000012650000035600000467000001450000000400000000
000023650000145500000567000002440000000400000000
000025530000245200001565000003430000001200000000
000025410000254000004554000013310000002000000000
000145200002550000025441000033200000010000000000
000244200003520000055420000122000000010000000000
000442100014400000255200000110000000000000000000
001441000034300000454100001200000000000000000000
001431000035200000552000001100000000000000000000
002311000035000001551000001100000000000000000000
002310000144000001540000001000000000000000000000
002210000153000003430000001000000000000000000000
002200000251000004410000000000000000000000000000
002100000340000005300000000000000000000000000000
001100000440000005200000000000000000000000000000
001000000320000004200000000000000000000000000000
001000000410000004100000000000000000000000000000
000000000400000014000000000000000000000000000000
001000000400000003000000000000000000000000000000
000000000400000013000000000000000000000000000000
000000000300000012000000000000000000000000000000
001000000300000002000000000000000000000000000000
000000000200000002000000000000000000000000000000
000000000100000001000000000000000000000000000000
000000000200000001000000000000000000000000000000
000000000100000002000000000000000000000000000000
000000000200000002000000000000000000000000000000
000000000200000013000000000000000000000000000000
000000000300000013000000000000000000000000000000
000000000200000014000000000000000000000000000000
000000000300000014000000000000000000000000000000
000000000200000024000000000000000000000000000000
000000000300000023000000000000000000000000000000
000000000300000023000000000000000000000000000000
000000000400000024000000000000000000000000000000
010000000410000025100000010000000000000000000000
011000000440000025400000020000000000000000000000
013000000153000004540000012000000000000000000000
002210000015300001454000000200000000000000000000
000221000001541000044500000121000000000000000000
000022100000254100003541000002100000000000000000
000002210000035500000445000001320000000000000000
000000320000014500000245000000130000001000000000
000000130000001400000045000000020000000200000000
000000240000000300000025000000030000000000000000
000000030000000400000005000000020000000000000000
000000020000000400000006000000020000000000000000
000000010000000300000005000000020000000000000000
000000010000000400000004000000010000000000000000
000000010000000200000001000000000000000000000000
000000000000000100000000000000000000000000000000
000000000000000200000000000000000000000000000000
000000010000000200000001000000000000000000000000
000000010000000200000000000000000000000000000000
000000010000000200000000000000000000000000000000
000000010000000200000000000000000000000000000000
000000010000000100000001000000000000000000000000
000000010000000200000000000000000000000000000000
000000010000000100000000000000000000000000000000
000000010000000100000000000000000000000000000000
000000010000000200000000000000000000000000000000
000000010000000200000000000000000000000000000000
000000010000000200000000000000000000000000000000
000000010000000200000000000000000000000000000000
000000010000000200000000000000000000000000000000
000000010000000100000000000000000000000000000000
000000010000000200000000000000000000000000000000
000000010000000200000000000000000000000000000000
000000010000000200000000000000000000000000000000
000000010000000200000000000000000000000000000000
000000000000000100000000000000000000000000000000
000000010000000200000000000000000000000000000000
000000010000000200000000000000000000000000000000
000000010000000200000000000000000000000000000000
000000010000000200000000000000000000000000000000
000000020000000200000000000000000000000000000000
000000020000000300000000000000000000000000000000
000000020000000200000000000000000000000000000000
000000010000000200000000000000000000000000000000
000000010000000200000000000000000000000000000000
000000010000000200000000000000000000000000000000
000000010000000200000001000000000000000000000000
000000010000000200000000000000000000000000000000
000000010000000200000001000000000000000000000000
000000010000000200000001000000000000000000000000
000000010000000200000000000000000000000000000000
000000010000000200000000000000000000000000000000
000000010000000200000000000000000000000000000000
000000010000000200000000000000000000000000000000
000000010000000200000000000000000000000000000000
000000010000000200000000000000000000000000000000
000000010000000200000001000000000000000000000000
000000010000000200000000000000000000000000000000
000000010000000100000000000000000000000000000000
000000010000000200000000000000000000000000000000
000000010000000200000000000000000000000000000000
000000010000000200000000000000000000000000000000
000000010000000200000000000000000000000000000000
000000010000000200000000000000000000000000000000
000000010000000200000000000000000000000000000000
000000010000000200000001000000000000000000000000
000000010000000200000000000000000000000000000000
000000010000000200000000000000000000000000000000
000000010000000200000000000000000000000000000000
000000010000000200000001000000000000000000000000
000000010000000200000000000000000000000000000000
