012110010000000100000003000000020111000224320000
001000020000000200000005000000051211000433200002
011000020000000300000005000000050111000323300001
001000020000000200000004000000041112000234300000
001000020000000200000004000000011122000233300000
000000020000000300000004000000032220000143200000
022210000000002000000022000000350000001501100004
023321100100003000000034000000540000004501100035
133322201211004000000024000000540000004500010045
242111121322112300000024000000440000005500000045
232111112322114300000023000000550000014500000145
232110122322115100000033000001550000025500000246
232210212221114000000023000003560000034700000247
133322111211022100000236000004670000046700000357
132211222221141200000253000015740000157600000577
330000133332211111001110000013330000276400002676
341000123322331011043421000035650000266500002676
331110222242640010342453000246660000266500001677
231122212312460010022346000015650000066600000677
231142122320431111000255000007550000067600000577
330013163333473621100356000006770000067700000677
340011113333471321101545000006770000067600000677
340000024322351122102621000004750000177600000577
351000024322220122214416000002430000176400000675
351000024320121222214400000032650000045600000655
352000014311111222113600001213650000366600000465
352000014311001222213500000003630012456600002566
353000014411001233222400000003430010056500025666
353000014411001233222400110003430100046500236665
353000014411001233222400110003330012446400001456
353000014310001231122500111125240000156400000366
353000014412001233212410110003440000034500000477
352030014411321233211430000002460000057600000477
352002214411045223221644000002450000057700000477
351000453322252522110432000003470000067700000577
352000424321233422211524000003540000177600000677
353012014321160222213430000004340000277400002676
354000004313101222213200000003330000265600002775
354000004321001221213400000234440000155600001775
354010004321000223213500015424440012366600000677
354000004310000222222600000124540000055600000677
355100004420300223212310000002450000056500000577
355101104430024123222623100003340000057600000577
355100044431010423222610000002450000057700000677
355100014331010323221620000002560000057700000477
354000003322131022111631000002540000057700000477
345100004430000123221310000001100000004200000523
343000003322120111101510000002550000157700002355
242000012322231100001410000004750013266600023555
243000012322220100000400002003540023256400001565
343000012332221102000510024001550013566500000467
243000012322120012000410032112550013666500000577
000000000000000001000201033111440013566500000377
000000000000010003000211003222540000356500000376
000000000010010000320311000134440000046500000477
000100000003410000026401000004660000056500000577
000340000001830000025612000004560000067400000566
000100000002710000026511000004660000066500000675
000000000004110000034311000015540000065500000674
000000000000010000301310000232520000157300000674
000000000000010001001210033123520001466400000675
000000000000110011001321262113620024666300000675
000000000000110021001321262113620024666300000674
000000000000110010001321352113620024666400000675
000000000000110010001321162223620013566300000675
000000000000110002001320043334620001466300000675
000000000000110001301221002334530000155300000674
000000000041110000254321000015660000165400000575
000000000003110000025411000005660000176500000675
001000000055210000376321000037640000166500000675
000000000000110000011321000131440000154600000674
000000000000110000002220000005760000167600003344
000000000000100000002220000005760000267700000766
000000000000100000002231000005760000177700001676
000000000000210000001331000004760000067700000577
000000000000120000000342000003770000037700000277
000000000000140000000252000001770000017700000066
000000000000050000000242000002770000017600000066
000000000000050000000241000003760000026700000065
000000000000040000000241000002760000026600000154
000000000000140000000333000001770000037700000176
000000000000150000000334000003770000057700000377
000000000000151000000215000015770000167700001677
000001000000161000000125000037770000367700003677
000000000000440000001122000067760001777600017577
000000000000510000002120000266740003767600046775
000000000001510000002020000266740004776500045753
000000000000420000002121000156760002775600026774
000000000000340000000212000036770002377600021675
000000000100150003300202013046770055676600240676
000100000004230000031212000366770036576600220776
000000000000330000005211000456770036677500211766
000010000000410000021121000366760045577600111776
000000000140420001202111012266750266676600312765
000000000510220005001211031155760256677600411766
000000000020240002000211021156770266576600201776
000000000010260000201222022467760364577600001777
000000000000250000201222033677770343577500002776
000000000000440002001232043677770342677500003774
